A = magic(3)

A =

     8     1     6
     3     5     7
     4     9     2

A(1,3)=0

A =

     8     1     0
     3     5     7
     4     9     2

A = magic(3)

A =

     8     1     6
     3     5     7
     4     9     2

A(7)=0

A =

     8     1     0
     3     5     7
     4     9     2

A = A(:)

A =

     8
     3
     4
     1
     5
     9
     0
     7
     2

A = A'

A =

     8     3     4     1     5     9     0     7     2

A(7)=[]

A =

     8     3     4     1     5     9     7     2

A = magic(5)

A =

    17    24     1     8    15
    23     5     7    14    16
     4     6    13    20    22
    10    12    19    21     3
    11    18    25     2     9

A(2:3,:)

ans =

    23     5     7    14    16
     4     6    13    20    22

A

A =

    17    24     1     8    15
    23     5     7    14    16
     4     6    13    20    22
    10    12    19    21     3
    11    18    25     2     9

A(1:2,3:4)

ans =

     1     8
     7    14

A(2:3,3:4)

ans =

     7    14
    13    20

A

A =

    17    24     1     8    15
    23     5     7    14    16
     4     6    13    20    22
    10    12    19    21     3
    11    18    25     2     9

A(:,end)=[]

A =

    17    24     1     8
    23     5     7    14
     4     6    13    20
    10    12    19    21
    11    18    25     2

find(A==12)

ans =

     9

A(find(A==12))

ans =

    12

A

A =

    17    24     1     8
    23     5     7    14
     4     6    13    20
    10    12    19    21
    11    18    25     2

[row, col]=find(A==12)

row =

     4


col =

     2

A

A =

    17    24     1     8
    23     5     7    14
     4     6    13    20
    10    12    19    21
    11    18    25     2

A(A<10)=0

A =

    17    24     0     0
    23     0     0    14
     0     0    13    20
    10    12    19    21
    11    18    25     0

A(A>10)

ans =

    17
    23
    11
    24
    12
    18
    13
    19
    25
    14
    20
    21

A

A =

    17    24     0     0
    23     0     0    14
     0     0    13    20
    10    12    19    21
    11    18    25     0

max(A)

ans =

    23    24    25    21

max(max(A))

ans =

    25

sum(A)

ans =

    61    54    57    55

sum(sum(A))

ans =

   227

A = magic(5)

A =

    17    24     1     8    15
    23     5     7    14    16
     4     6    13    20    22
    10    12    19    21     3
    11    18    25     2     9

A(:)'

ans =

  Columns 1 through 14

    17    23     4    10    11    24     5     6    12    18     1     7    13    19

  Columns 15 through 25

    25     8    14    20    21     2    15    16    22     3     9

