A=1:4

A =

     1     2     3     4

B=10:10:40'

B =

    10    20    30    40

B=10:10:40

B =

    10    20    30    40

B=B'

B =

    10
    20
    30
    40

A + B

ans =

    11    12    13    14
    21    22    23    24
    31    32    33    34
    41    42    43    44

A

A =

     1     2     3     4

B

B =

    10
    20
    30
    40

A*B

ans =

   300

B*A

ans =

    10    20    30    40
    20    40    60    80
    30    60    90   120
    40    80   120   160

A = 1:4

A =

     1     2     3     4

B=10:10:30

B =

    10    20    30

[matA matB]=meshgrid(A,B)

matA =

     1     2     3     4
     1     2     3     4
     1     2     3     4


matB =

    10    10    10    10
    20    20    20    20
    30    30    30    30

A = 1:4

A =

     1     2     3     4

B = 10:10:30

B =

    10    20    30

[matA matB] = meshgrid(A,B)

matA =

     1     2     3     4
     1     2     3     4
     1     2     3     4


matB =

    10    10    10    10
    20    20    20    20
    30    30    30    30

sumMat=sum(A,B)
{Error using <a href="matlab:matlab.internal.language.introspective.errorDocCallback('sum')" style="font-weight:bold">sum</a>
Dimension argument must be a positive integer scalar within indexing range.
} 
sumMat=A+B
{Matrix dimensions must agree.
} 
sumMat=A.+B
 sumMat=A.+B
          
{Error: Unexpected MATLAB operator.
} 
sumMat=A.*B
{Matrix dimensions must agree.
} 
sumMat=matA+MatB
{Undefined function or variable 'MatB'.
} 
sumMat=matA+matB

sumMat =

    11    12    13    14
    21    22    23    24
    31    32    33    34

expMat=matA.^matB

expMat =

   1.0e+18 *

    0.0000    0.0000    0.0000    0.0000
    0.0000    0.0000    0.0000    0.0000
    0.0000    0.0000    0.0002    1.1529

format shortg
expMat

expMat =

            1         1024        59049   1.0486e+06
            1   1.0486e+06   3.4868e+09   1.0995e+12
            1   1.0737e+09   2.0589e+14   1.1529e+18

C = 0:5:90

C =

  Columns 1 through 14

     0     5    10    15    20    25    30    35    40    45    50    55    60    65

  Columns 15 through 19

    70    75    80    85    90

D = 0:90:360

D =

     0    90   180   270   360

[matC matD]=meshgrid(C,D)

matC =

  Columns 1 through 14

     0     5    10    15    20    25    30    35    40    45    50    55    60    65
     0     5    10    15    20    25    30    35    40    45    50    55    60    65
     0     5    10    15    20    25    30    35    40    45    50    55    60    65
     0     5    10    15    20    25    30    35    40    45    50    55    60    65
     0     5    10    15    20    25    30    35    40    45    50    55    60    65

  Columns 15 through 19

    70    75    80    85    90
    70    75    80    85    90
    70    75    80    85    90
    70    75    80    85    90
    70    75    80    85    90


matD =

  Columns 1 through 14

     0     0     0     0     0     0     0     0     0     0     0     0     0     0
    90    90    90    90    90    90    90    90    90    90    90    90    90    90
   180   180   180   180   180   180   180   180   180   180   180   180   180   180
   270   270   270   270   270   270   270   270   270   270   270   270   270   270
   360   360   360   360   360   360   360   360   360   360   360   360   360   360

  Columns 15 through 19

     0     0     0     0     0
    90    90    90    90    90
   180   180   180   180   180
   270   270   270   270   270
   360   360   360   360   360

trigfuncMat=2.*matC.^.sin(maD)
 trigfuncMat=2.*matC.^.sin(maD)
                      
{Error: Unexpected MATLAB operator.
} 
trigfuncMat=2.*matC.^sin(maD)
{Undefined function or variable 'maD'.
} 
trigfuncMat=2.*matC.^sin(matD)

trigfuncMat =

  Columns 1 through 6

            2            2            2            2            2            2
            0       8.4315       15.668       22.514       29.117       35.545
          Inf      0.55087      0.31614      0.22846      0.18143      0.15173
          Inf       1.5065       1.3335       1.2416       1.1803       1.1348
            0       9.3602       18.195       26.841       35.368       43.806

  Columns 7 through 12

            2            2            2            2            2            2
       41.838        48.02       54.109       60.117       66.055        71.93
      0.13111      0.11588      0.10412     0.094745     0.087075     0.080674
        1.099       1.0696       1.0447       1.0233       1.0045      0.98775
       52.175       60.487        68.75        76.97       85.153       93.302

  Columns 13 through 18

            2            2            2            2            2            2
       77.748       83.516       89.236       94.914       100.55       106.15
     0.075242     0.070568       0.0665     0.062924     0.059754     0.056921
      0.97273      0.95912      0.94669      0.93526       0.9247      0.91488
       101.42       109.51       117.58       125.62       133.64       141.64

  Column 19

            2
       111.72
     0.054373
      0.90572
       149.62

multtable
multtable

x =

     1     2     3     4     5     6     7     8     9    10


y =

     1     2     3     4     5     6     7     8     9    10


x_mat =

     1     2     3     4     5     6     7     8     9    10
     1     2     3     4     5     6     7     8     9    10
     1     2     3     4     5     6     7     8     9    10
     1     2     3     4     5     6     7     8     9    10
     1     2     3     4     5     6     7     8     9    10
     1     2     3     4     5     6     7     8     9    10
     1     2     3     4     5     6     7     8     9    10
     1     2     3     4     5     6     7     8     9    10
     1     2     3     4     5     6     7     8     9    10
     1     2     3     4     5     6     7     8     9    10


y_mat =

     1     1     1     1     1     1     1     1     1     1
     2     2     2     2     2     2     2     2     2     2
     3     3     3     3     3     3     3     3     3     3
     4     4     4     4     4     4     4     4     4     4
     5     5     5     5     5     5     5     5     5     5
     6     6     6     6     6     6     6     6     6     6
     7     7     7     7     7     7     7     7     7     7
     8     8     8     8     8     8     8     8     8     8
     9     9     9     9     9     9     9     9     9     9
    10    10    10    10    10    10    10    10    10    10

multtable

x =

     1     2     3     4     5     6     7     8     9    10


y =

     1     2     3     4     5     6     7     8     9    10


x_mat =

     1     2     3     4     5     6     7     8     9    10
     1     2     3     4     5     6     7     8     9    10
     1     2     3     4     5     6     7     8     9    10
     1     2     3     4     5     6     7     8     9    10
     1     2     3     4     5     6     7     8     9    10
     1     2     3     4     5     6     7     8     9    10
     1     2     3     4     5     6     7     8     9    10
     1     2     3     4     5     6     7     8     9    10
     1     2     3     4     5     6     7     8     9    10
     1     2     3     4     5     6     7     8     9    10


y_mat =

     1     1     1     1     1     1     1     1     1     1
     2     2     2     2     2     2     2     2     2     2
     3     3     3     3     3     3     3     3     3     3
     4     4     4     4     4     4     4     4     4     4
     5     5     5     5     5     5     5     5     5     5
     6     6     6     6     6     6     6     6     6     6
     7     7     7     7     7     7     7     7     7     7
     8     8     8     8     8     8     8     8     8     8
     9     9     9     9     9     9     9     9     9     9
    10    10    10    10    10    10    10    10    10    10


